Country,2002,2003,2004,2005,2006,2007,2008,2009,2010,2011
Iceland,750.000,752.000,748.000,759.000,784.000,816.000,813.000,818.000,825.000,838.000
Norway,495.000,382.000,400.000,485.000,426.000,465.000,449.000,409.000,361.000,428.000
Brazil,394.000,420.000,423.000,429.000,433.000,444.000,445.000,458.000,440.000,427.000
New Zealand,298.000,297.000,313.000,316.000,320.000,322.000,329.000,358.000,389.000,404.000
Indonesia,373.000,374.000,355.000,349.000,347.000,353.000,362.000,348.000,339.000,336.000
Sweden,253.000,245.000,250.000,288.000,287.000,305.000,315.000,348.000,339.000,321.000
Austria,213.000,187.000,197.000,210.000,221.000,241.000,253.000,278.000,272.000,266.000
India,332.000,329.000,317.000,312.000,304.000,299.000,289.000,268.000,265.000,265.000
Finland,224.000,213.000,234.000,236.000,233.000,235.000,258.000,240.000,254.000,261.000
Chile,262.000,248.000,242.000,251.000,253.000,235.000,244.000,261.000,220.000,231.000
Portugal,137.000,169.000,147.000,131.000,171.000,177.000,177.000,199.000,233.000,223.000
Denmark,110.000,119.000,136.000,150.000,142.000,161.000,167.000,178.000,200.000,222.000
Switzerland,168.000,168.000,164.000,160.000,155.000,178.000,178.000,178.000,190.000,181.000
Canada,169.000,156.000,156.000,159.000,157.000,162.000,168.000,175.000,171.000,180.000
Estonia,117.000,112.000,114.000,114.000,105.000,107.000,119.000,152.000,153.000,148.000
Slovenia,105.000,103.000,115.000,106.000,105.000,101.000,110.000,142.000,147.000,131.000
World,127.000,126.000,124.000,124.000,124.000,125.000,127.000,131.000,130.000,130.000
Italy,58.000,60.000,66.000,63.000,69.000,67.000,77.000,97.000,106.000,119.000
Spain,54.000,69.000,63.000,59.000,65.000,70.000,76.000,97.000,117.000,117.000
China,184.000,162.000,145.000,137.000,128.000,125.000,126.000,121.000,114.000,107.000
South Africa,121.000,113.000,105.000,107.000,110.000,102.000,97.000,101.000,103.000,105.000
Germany,32.000,38.000,44.000,50.000,58.000,79.000,80.000,88.000,99.000,100.000
Turkey,135.000,129.000,133.000,120.000,111.000,96.000,95.000,102.000,111.000,100.000
Mexico,102.000,102.000,104.000,103.000,99.000,99.000,100.000,95.000,98.000,93.000
Greece,49.000,53.000,53.000,54.000,59.000,57.000,56.000,64.000,77.000,79.000
Poland,47.000,46.000,47.000,48.000,48.000,50.000,57.000,67.000,72.000,78.000
Hungary,34.000,35.000,36.000,43.000,45.000,51.000,60.000,74.000,76.000,76.000
Slovak Republic,40.000,35.000,40.000,43.000,45.000,53.000,51.000,68.000,74.000,74.000
France,58.000,58.000,58.000,57.000,59.000,63.000,71.000,75.000,79.000,72.000
Czech Republic,37.000,34.000,38.000,40.000,42.000,47.000,49.000,58.000,63.000,69.000
Ireland,18.000,17.000,20.000,25.000,29.000,32.000,39.000,46.000,47.000,62.000
United States,40.000,43.000,44.000,45.000,48.000,47.000,51.000,54.000,56.000,61.000
Australia,62.000,60.000,58.000,57.000,58.000,58.000,58.000,46.000,48.000,51.000
Belgium,13.000,15.000,16.000,20.000,23.000,27.000,31.000,38.000,42.000,49.000
Israel,36.000,35.000,38.000,40.000,37.000,37.000,47.000,50.000,50.000,49.000
Netherlands,19.000,18.000,21.000,27.000,30.000,30.000,35.000,40.000,38.000,43.000
Japan,32.000,34.000,33.000,32.000,34.000,32.000,33.000,34.000,39.000,42.000
United Kingdom,12.000,12.000,15.000,18.000,19.000,22.000,26.000,32.000,33.000,41.000
Luxembourg,11.000,10.000,12.000,16.000,18.000,31.000,31.000,33.000,31.000,29.000
Russia,28.000,27.000,29.000,29.000,28.000,29.000,26.000,28.000,25.000,24.000
